OBJECT prisoner
FRAMES
0 0 (0,0)
1 1 (-2,1)
2 1 (-4,2)
3 1 (-7,3)
4 1 (-9,4)
5 2 (-11,5)
6 2 (-13,6)
7 2 (-16,7)
8 2 (-18,8)
9 3 (-20,8)
10 3 (-22,9)
11 3 (-25,10)
12 3 (-27,11)
13 4 (-29,12)
14 4 (-31,13)
15 4 (-34,14)
16 4 (-36,15)
17 5 (-38,16)
18 5 (-40,17)
19 5 (-43,18)
20 5 (-45,19)
21 6 (-47,20)
22 6 (-49,21)
23 6 (-52,22)
24 6 (-54,23)
25 1 (-56,23)
26 1 (-58,24)
27 1 (-60,25)
28 1 (-63,26)
29 2 (-65,27)
30 2 (-67,28)
31 2 (-69,29)
32 2 (-72,30)
33 3 (-74,31)
34 3 (-76,32)
35 3 (-78,33)
36 3 (-81,34)
37 4 (-83,35)
38 4 (-85,36)
39 4 (-87,37)
40 4 (-90,38)
41 5 (-92,38)
42 5 (-94,39)
43 5 (-96,40)
44 5 (-99,41)
45 6 (-101,42)
46 6 (-103,43)
47 6 (-105,44)
48 6 (-108,45)
49 1 (-110,46)
50 1 (-112,47)
51 1 (-114,48)
52 1 (-116,49)
53 2 (-119,50)
54 2 (-121,51)
55 2 (-123,52)
56 2 (-125,53)
57 3 (-128,53)
58 3 (-130,54)
59 3 (-132,55)
60 3 (-134,56)
61 4 (-137,57)
62 4 (-139,58)
63 4 (-141,59)
64 4 (-143,60)
65 5 (-146,61)
66 5 (-148,62)
67 5 (-150,63)
68 5 (-152,64)
69 6 (-155,65)
70 6 (-157,66)
71 6 (-159,67)
72 6 (-161,68)
73 1 (-163,68)
74 1 (-166,69)
75 1 (-168,70)
76 1 (-170,71)
77 2 (-172,72)
78 2 (-175,73)
79 2 (-177,74)
80 2 (-179,75)
81 3 (-181,76)
82 3 (-184,77)
83 3 (-186,78)
84 3 (-188,79)
85 4 (-190,80)
86 4 (-193,81)
87 4 (-195,82)
88 4 (-197,83)
89 5 (-199,83)
90 5 (-202,84)
91 5 (-204,85)
92 5 (-206,86)
93 6 (-208,87)
94 6 (-211,88)
95 6 (-213,89)
96 6 (-215,90)

97 6 (-215,90)
98 6 (-215,90)
99 6 (-215,90)
100 6 (-215,90)


101 7 (-215,90)
102 8 (-215,90)
103 9 (-215,90)
104 10 (-215,90)
105 11 (-215,90)
106 12 (-215,90)
107 13 (-215,90)
108 14 (-215,90)
109 15 (-215,90)

END

STATE notmoving
	EVENT goprisoner (walking, -)
	BEGIN
		0
		0
	END

STATE walking
	EVENT escape (escaping, -)
	BEGIN
		0
		1
		2
		3
		4
		5
		6
		7
		8
		9
		10
		11
		12
		13
		14
		15
		16
		17
		18
		19
		20
		21
		22
		23
		24
		25
		26
		27
		28
		29
		30
		31
		32
		33
		34
		35
		36
		37
		38
		39
		40
		41
		42
		43
		44
		45	
		46
		47
		48	
		49
		50
		51
		52
		53
		54
		55
		56
		57
		58
		59
		60
		61
		62
		63
		64
		65
		66
		67
		68
		69
		70
		71
		72
		73
		74
		75
		76
		77
		78
		79
		80
		81
		82
		83
		84
		85
		86
		87
		88
		89
		90	
		91
		92
		93
		94
		95
		96
		96	GOTO turning
	END

STATE turning
	EVENT escape (escaping, -)
	EVENT DAMAGE (dead, -)
	EVENT soldierkilled (notmoving, -)
	BEGIN
		101	
		101
		102
		102
		103
		103
		104
		104
		105
		105
		106	
		106
		107
		107
		108
		108
		109	TRIGGER firingsquad
		109	TRIGGER prisonerslastpos
		109	TRIGGER deployguy
		109	TRIGGER makeinvisible
		109
	END

STATE dead
	BEGIN
		0
		0 	GOTO notmoving
	END	

STATE escaping
	BEGIN
		0	TRIGGER prisonerslastpos
		0	TRIGGER deployguy
		0
		0
		0 	GOTO notmoving
	END	

DAMAGETRIGGERS 1

ENDOBJECT
