OBJECT ChopperShadow
FRAMES

0 6 (0,0)
1 6 (13,11)
2 7 (26,22)
3 7 (39,34)
4 6 (52,45)
5 6 (65,56)
6 7 (78,67)
7 7 (91,79)
8 6 (104,90)
9 6 (117,101)
10 7 (130,112)
11 7 (143,123)
12 6 (156,135)
13 6 (169,146)
14 7 (182,157)
15 7 (195,168)
16 6 (208,179)
17 6 (221,191)
18 7 (234,202)
19 7 (246,213)
20 6 (259,224)
21 6 (272,236)
22 7 (285,247)
23 7 (298,258)
24 6 (311,269)
25 6 (324,280)
26 7 (337,292)
27 7 (350,303)
28 6 (363,314)
29 6 (376,325)
30 7 (389,336)
31 7 (402,348)
32 6 (415,359)
33 6 (428,370)
34 7 (441,381)
35 7 (454,393)
36 6 (467,404)
37 6 (480,415)
38 7 (493,426)
39 7 (506,437)
40 6 (519,449)
41 6 (532,460)
42 7 (545,471)
43 7 (558,482)
44 6 (571,494)
45 6 (584,505)
46 7 (597,516)
47 7 (610,527)
48 6 (623,538)
49 6 (636,550)
50 7 (649,561)
51 7 (662,572)
52 6 (675,583)
53 6 (688,594)
54 7 (701,606)
55 7 (714,617)
56 6 (726,628)
57 6 (739,639)
58 7 (752,651)
59 7 (765,662)
60 6 (778,673)
61 4 (791,684)
62 4 (804,695)
63 5 (817,707)
64 5 (830,718)
65 4 (843,729)
66 4 (856,740)
67 5 (869,751)
68 5 (882,763)
69 4 (895,774)
70 4 (908,785)
71 5 (921,796)
72 5 (934,808)
73 4 (947,819)
74 4 (960,830)

75 1 (973,841) //dead frame

76 1 (973,841)
77 2 (973,841)
78 3 (973,841)
79 4 (973,841)
80 5 (973,841)


81 6 (960,830)
82 6 (976,841)
83 7 (992,852)
84 7 (1009,864)
85 6 (1025,875)
86 6 (1041,886)
87 7 (1057,897)
88 7 (1074,909)
89 6 (1090,920)
90 6 (1106,931)
91 7 (1122,942)
92 7 (1138,953)
93 6 (1155,965)
94 6 (1171,976)
95 7 (1187,987)
96 7 (1203,998)
97 6 (1220,1010)
98 6 (1236,1021)
99 7 (1252,1032)
100 7 (1268,1043)
101 6 (1284,1054)
102 6 (1301,1066)
103 7 (1317,1077)
104 7 (1333,1088)
105 6 (1349,1099)
106 6 (1366,1111)
107 7 (1382,1122)
108 7 (1398,1133)
109 6 (1414,1144)
110 6 (1430,1155)
111 7 (1447,1167)
112 7 (1463,1178)
113 6 (1479,1189)
114 6 (1495,1200)
115 7 (1512,1212)
116 7 (1528,1223)
117 6 (1544,1234)
118 6 (1560,1245)
119 7 (1576,1256)
120 7 (1593,1268)
121 6 (1609,1279)
122 6 (1625,1290)
123 7 (1641,1301)
124 7 (1658,1313)
125 6 (1674,1324)
126 6 (1690,1335)

127 6 (973,841)
128 7 (973,841)

END





STATE NotMoving
	EVENT GoChopper (Moving, -)
	BEGIN
		0
		0
	END

STATE Moving

	BEGIN
		0	TRIGGER FlySound
		1
		2
		3
		4
		5
		6
		7
		8
		9
		10
		11
		12
		13
		14
		15
		16
		17
		18
		19
		20
		21
		22
		23
		24
		25
		26
		27
		28
		29
		30
		31
		32
		33
		34
		35
		36
		37
		38
		39
		40
		41
		42
		43
		44
		45
		46
		47
		48
		49
		50
		51
		52
		53
		54
		55
		56
		57
		58
		59
		59
		60
		61
		62
		63
		64
		65
		66
		67
		68
		69
		70
		71
		72
		73
		74
		75
127
128
127
128
127
128
127
128
127
128
127
128
127
128
127
128	GOTO Landing
END



STATE Landing
	EVENT Leave (Liftoff, -)
	BEGIN
		80	TRIGGER LandSound
		79
		79
		80
		80
		79
		79
		80
		80
		79
		79
		80
		80
		79
		79
		80
		80
		76
		76
		77
		77
		78
		78
		76
		76
		77
		77
		78
		78
		76
		76
		76
		77
		77
		77
		78
		78
		78
		76
		76
		76
		76
		77
		77
		77
		77
		78
		78
		78
		78
		76
		76
		76
		76
		77
		77
		77
		77	TRIGGER PlaceLure
		78	
	END


STATE Liftoff
BEGIN
76
76
76
77
77
77
78
78	TRIGGER LeaveSound
78
76
76
76
77
77
77
78
78
78
76
76
77
77
78
78
76
76
77
77
79
79
79
80
80
80
79
79
80
80
79
79
80
80
79
79
80
80

127	TRIGGER FlySound
128
127
128
127
128
127
128
127
128
127
128
127
128
127
128

81
82
83
84
85
86
87
88
89
90
91
92
93
94
95
96
97
98
99
100
101
102
103
104
105
106
107
108
109
110
111
113
114
115
116
117
118
119
120
121
122
123
124
125	TRIGGER Gone
126
	END	

ENDOBJECT






























OBJECT Chopper
FRAMES

0 6 (0,0)
1 6 (13,11)
2 7 (26,22)
3 7 (39,34)
4 6 (52,45)
5 6 (65,56)
6 7 (78,67)
7 7 (91,79)
8 6 (104,90)
9 6 (117,101)
10 7 (130,112)
11 7 (143,123)
12 6 (156,135)
13 6 (169,146)
14 7 (182,157)
15 7 (195,168)
16 6 (208,179)
17 6 (221,191)
18 7 (234,202)
19 7 (246,213)
20 6 (259,224)
21 6 (272,236)
22 7 (285,247)
23 7 (298,258)
24 6 (311,269)
25 6 (324,280)
26 7 (337,292)
27 7 (350,303)
28 6 (363,314)
29 6 (376,325)
30 7 (389,336)
31 7 (402,348)
32 6 (415,359)
33 6 (428,370)
34 7 (441,381)
35 7 (454,393)
36 6 (467,404)
37 6 (480,415)
38 7 (493,426)
39 7 (506,437)
40 6 (519,449)
41 6 (532,460)
42 7 (545,471)
43 7 (558,482)
44 6 (571,494)
45 6 (584,505)
46 7 (597,516)
47 7 (610,527)
48 6 (623,538)
49 6 (636,550)
50 7 (649,561)
51 7 (662,572)
52 6 (675,583)
53 6 (688,594)
54 7 (701,606)
55 7 (714,617)
56 6 (726,628)
57 6 (739,639)
58 7 (752,651)
59 7 (765,662)
60 6 (778,673)
61 4 (791,684)
62 4 (804,695)
63 5 (817,707)
64 5 (830,718)
65 4 (843,729)
66 4 (856,740)
67 5 (869,751)
68 5 (882,763)
69 4 (895,774)
70 4 (908,785)
71 5 (921,796)
72 5 (934,808)
73 4 (947,819)
74 4 (960,830)

75 1 (966,888) //dead frame
76 1 (966,888)
77 2 (966,888)
78 3 (966,888)
79 4 (966,888)
80 5 (966,888)


81 6 (960,830)
82 6 (976,841)
83 7 (992,852)
84 7 (1009,864)
85 6 (1025,875)
86 6 (1041,886)
87 7 (1057,897)
88 7 (1074,909)
89 6 (1090,920)
90 6 (1106,931)
91 7 (1122,942)
92 7 (1138,953)
93 6 (1155,965)
94 6 (1171,976)
95 7 (1187,987)
96 7 (1203,998)
97 6 (1220,1010)
98 6 (1236,1021)
99 7 (1252,1032)
100 7 (1268,1043)
101 6 (1284,1054)
102 6 (1301,1066)
103 7 (1317,1077)
104 7 (1333,1088)
105 6 (1349,1099)
106 6 (1366,1111)
107 7 (1382,1122)
108 7 (1398,1133)
109 6 (1414,1144)
110 6 (1430,1155)
111 7 (1447,1167)
112 7 (1463,1178)
113 6 (1479,1189)
114 6 (1495,1200)
115 7 (1512,1212)
116 7 (1528,1223)
117 6 (1544,1234)
118 6 (1560,1245)
119 7 (1576,1256)
120 7 (1593,1268)
121 6 (1609,1279)
122 6 (1625,1290)
123 7 (1641,1301)
124 7 (1658,1313)
125 6 (1674,1324)
126 6 (1690,1335)

127 6 (960,830)
128 6 (960,834)
129 7 (961,838)
130 7 (961,842)
131 6 (962,845)
132 6 (962,849)
133 7 (962,853)
134 7 (963,857)
135 6 (963,861)
136 6 (964,865)
137 7 (964,869)
138 7 (964,873)
139 6 (965,876)
140 6 (965,880)
141 7 (966,884)
142 7 (966,888)

END

STATE NotMoving
	EVENT GoChopper (Moving, -)
	BEGIN
		0
		0
	END

STATE Moving
	BEGIN
		0
		1
		2
		3
		4
		5
		6
		7
		8
		9
		10
		11
		12
		13
		14
		15
		16
		17
		18
		19
		20
		21
		22
		23
		24
		25
		26
		27
		28
		29
		30
		31
		32
		33
		34
		35
		36
		37
		38
		39
		40
		41
		42
		43
		44
		45
		46
		47
		48
		49
		50
		51
		52
		53
		54
		55
		56
		57
		58
		59
		59
		60
		61
		62
		63
		64
		65
		66
		67
		68
		69
		70
		71
		72
		73
		74
		75	GOTO Touchdown
	END

STATE Touchdown
BEGIN
127
128
129
130
131
132
133
134
135
136
137
138
139
140
141
142	GOTO Landing
END

STATE Landing
	EVENT Leave (Leaving, -)
	BEGIN
		80
		79
		79
		80
		80
		79
		79
		80
		80
		79
		79
		80
		80
		79
		79
		80
		80
		76
		76
		77
		77
		78
		78
		76
		76
		77
		77
		78
		78
		76
		76
		76
		77
		77
		77
		78
		78
		78
		76
		76
		76
		76
		77
		77
		77
		77
		78
		78
		78
		78
		76
		76
		76
		76
		77
		77
		77
		77
		78	
	END



STATE Leaving
BEGIN
76
76
76
77
77
77
78
78
78
76
76
76
77
77
77
78
78
78
76
76
77
77
78
78
76
76
77
77
79
79
79
80
80
80
79
79
80
80
79
79
80
80
79
79
80
80

142
141
140
139
138
138
136
135
134
133
132
131
130
129
128
127

81
82
83
84
85
86
87
88
89
90
91
92
93
94
95
96
97
98
99
100
101
102
103
104
105
106
107
108
109
110
111
113
114
115
116
117
118
119
120
121
122
123
124
125
126
	END	

ENDOBJECT

